Clean validation accuracy
0.800000

Classification report
              precision    recall  f1-score   support

           0     1.0000    0.5000    0.6667         2
           1     1.0000    1.0000    1.0000         2
           2     1.0000    0.5000    0.6667         2
           3     0.6667    1.0000    0.8000         2
           4     1.0000    0.5000    0.6667         2
           5     1.0000    1.0000    1.0000         2
           6     1.0000    0.5000    0.6667         2
           7     0.6667    1.0000    0.8000         2
           8     0.6667    1.0000    0.8000         2
           9     0.6667    1.0000    0.8000         2

    accuracy                         0.8000        20
   macro avg     0.8667    0.8000    0.7867        20
weighted avg     0.8667    0.8000    0.7867        20

