Clean validation accuracy
1.000000

Classification report
              precision    recall  f1-score   support

           0     1.0000    1.0000    1.0000         2
           1     1.0000    1.0000    1.0000         2
           2     1.0000    1.0000    1.0000         2
           3     1.0000    1.0000    1.0000         2
           4     1.0000    1.0000    1.0000         2
           5     1.0000    1.0000    1.0000         2
           6     1.0000    1.0000    1.0000         2
           7     1.0000    1.0000    1.0000         2
           8     1.0000    1.0000    1.0000         2
           9     1.0000    1.0000    1.0000         2

    accuracy                         1.0000        20
   macro avg     1.0000    1.0000    1.0000        20
weighted avg     1.0000    1.0000    1.0000        20

